-0.208829 0.136592 1
-0.425751 -0.054918 1
-0.247043 0.270194 1
0.046033 -0.053979 1
-0.170775 0.555692 1
-0.435538 0.447743 1
-0.139363 0.083112 1
-0.309205 0.608786 1
-0.137755 0.115081 1
-0.493206 0.185508 1
-0.654357 0.303067 1
-0.440168 0.272630 1
-0.562793 0.121506 1
-0.424915 0.207439 1
-0.351347 0.312015 1
0.164287 0.267060 1
-0.300844 0.470952 1
-0.471905 0.094889 1
-0.264928 0.496250 1
-0.374551 0.464395 1
-0.166938 0.538821 1
-0.023570 0.146081 1
0.019060 -0.038877 1
-0.438069 0.068915 1
-0.151873 0.480710 1
-0.165319 0.257433 1
-0.238377 0.473464 1
-0.227762 0.114384 1
-0.688683 0.201027 1
-0.557311 0.341853 1
-0.436800 0.459933 1
-0.709898 0.704541 1
-0.330002 0.147245 1
-0.454149 0.249006 1
-0.577911 0.490908 1
-0.468475 0.155851 1
-0.618936 0.570038 1
-0.459498 0.203063 1
-0.357302 0.016798 1
-0.217945 0.622623 1
-0.113953 0.407227 1
-0.243921 0.491375 1
-0.372804 0.203529 1
-0.224192 0.360186 1
-0.242188 0.008550 1
-0.173853 0.210940 1
-0.295202 -0.025134 1
-0.494781 0.021482 1
-0.331846 0.382948 1
-0.327512 0.414275 1
-0.647078 0.506853 1
-0.281793 0.376929 1
-0.238486 0.612620 1
-0.283805 0.696959 1
-0.513353 0.286395 1
0.136800 0.297945 1
-0.638189 0.595746 1
-0.292240 0.378661 1
-0.472034 0.275693 1
-0.341302 0.349180 1
-0.768105 -0.202866 1
-0.102262 0.677029 1
0.012470 0.454211 1
-0.347667 0.127498 1
-0.203163 0.376344 1
-0.378083 0.312893 1
-0.121322 0.602606 1
-0.181523 0.394530 1
-0.480051 0.593191 1
-0.436268 0.157853 1
0.053884 0.173092 1
-0.166418 0.336463 1
-0.168062 0.269718 1
-0.359905 0.262431 1
-0.054748 -0.087829 1
0.119804 -0.008328 1
-0.848380 0.319138 1
-0.168904 0.480256 1
-0.363007 0.748112 1
-0.282580 0.260441 1
-0.212121 0.303870 1
-0.325912 0.432271 1
-0.064177 0.538396 1
-0.440902 0.388695 1
-0.603720 0.401079 1
-0.305263 -0.098512 1
-0.746369 0.776387 1
-0.658581 0.358865 1
-0.616556 0.094362 1
-0.467808 0.382563 1
-0.158475 0.269493 1
-0.555867 0.233370 1
-0.524307 0.372192 1
-0.156189 0.348808 1
-0.138548 0.520596 1
-0.542592 0.093802 1
-0.131946 0.058055 1
-0.207618 0.278504 1
-0.324582 0.517214 1
-0.635151 0.443911 1
-0.605272 0.303951 1
-0.613297 0.668702 1
-0.170329 0.067177 1
-0.449144 0.299650 1
-0.243847 0.162942 1
-0.458835 0.067962 1
-0.478334 0.240015 1
-0.510054 0.301530 1
-0.564696 0.694761 1
-0.184052 0.223031 1
-0.396473 0.424669 1
-0.140123 0.128227 1
-0.463409 0.290457 1
-0.320027 0.465124 1
-0.354232 0.109065 1
-0.604748 0.292888 1
-0.413790 0.215788 1
-0.506180 0.218963 1
-0.186104 0.351195 1
-0.269580 0.355281 1
-0.512870 0.131841 1
-0.346784 0.094786 1
-0.254963 0.285171 1
-0.543337 0.357119 1
-0.292281 0.292712 1
-0.364480 0.143370 1
-0.337279 0.320422 1
-0.407532 0.713698 1
-0.412904 0.266303 1
-0.654463 0.547188 1
-0.113762 0.531886 1
-0.550507 -0.039069 1
-0.197122 0.211225 1
-0.763738 0.584028 1
-0.508388 0.166296 1
-0.742190 0.459747 1
0.000549 0.160961 1
-0.194252 0.470221 1
-0.653655 0.236781 1
-0.553639 0.283519 1
-0.481480 0.981036 1
-0.140679 0.033851 1
-0.357231 0.491199 1
-0.188586 0.530782 1
-0.256233 0.172235 1
-0.281303 -0.191051 1
-0.310430 0.568553 1
-0.291536 0.309011 1
-0.340610 0.068247 1
-0.316687 0.309527 1
-0.168236 -0.045435 1
-0.050737 0.448698 1
-0.249857 0.349140 1
-0.546945 0.384313 1
-0.428324 0.526808 1
-0.241984 -0.162992 1
-0.254612 0.051829 1
-0.148227 0.472690 1
-0.357795 0.501460 1
-0.352181 0.263619 1
-0.293052 0.362145 1
-0.090675 0.385565 1
-0.144555 0.464098 1
-0.193541 0.412370 1
-0.462772 0.272363 1
-0.593115 0.221815 1
-0.511576 0.224295 1
-0.406559 0.020743 1
-0.279603 -0.057734 1
-0.287691 0.418363 1
-0.368475 0.584004 1
-0.204110 0.126029 1
-0.416196 -0.052507 1
-0.550091 0.182002 1
0.012578 0.289809 1
-0.599789 0.085795 1
0.070675 0.317839 1
-0.406248 0.373429 1
-0.232049 0.285575 1
-0.444763 0.474621 1
-0.612937 0.351683 1
-0.312075 0.632308 1
-0.303927 0.224150 1
-0.382343 -0.142295 1
-0.206143 0.058128 1
-0.312918 0.394187 1
-0.555041 0.341726 1
-0.270068 0.362249 1
-0.366483 0.252045 1
-0.244208 0.708595 1
-0.392917 0.491938 1
-0.263553 0.277172 1
-0.426054 0.498349 1
-0.362305 0.122437 1
-0.589371 0.217757 1
-0.216700 0.136154 1
-0.072353 0.380388 1
-0.403498 0.705847 1
-0.459062 0.356324 1
-0.538467 0.194745 1
0.181447 0.860498 2
0.126505 0.660339 2
-0.049358 0.598705 2
0.053652 0.658945 2
0.152325 0.758822 2
0.369599 0.635210 2
0.069704 0.686105 2
0.128977 0.626548 2
0.064487 0.731404 2
0.086436 0.677254 2
0.033645 0.612851 2
0.285643 0.699783 2
0.171521 0.740662 2
0.007842 0.659271 2
0.213903 0.715823 2
0.187563 0.681267 2
0.103441 0.788706 2
0.079720 0.731614 2
0.038551 0.748870 2
0.238017 0.789798 2
0.177385 0.682395 2
0.127873 0.523936 2
0.261949 0.567881 2
-0.095717 0.603985 2
0.222307 0.727520 2
0.101035 0.772251 2
0.150848 0.713021 2
0.160182 0.669970 2
0.160491 0.639201 2
0.135210 0.873679 2
0.067527 0.606000 2
0.253944 0.695301 2
0.080651 0.680248 2
0.258089 0.779884 2
0.156501 0.671203 2
0.312716 0.738530 2
0.072869 0.584431 2
-0.073288 0.521543 2
0.005230 0.755695 2
0.069427 0.658473 2
0.205954 0.717299 2
0.095260 0.661380 2
-0.035628 0.632620 2
0.116489 0.805287 2
-0.028456 0.799329 2
0.103447 0.859150 2
-0.015764 0.767617 2
0.150739 0.679770 2
0.071364 0.750930 2
0.112436 0.609358 2
0.073765 0.678189 2
0.270279 0.657163 2
0.185634 0.563865 2
0.309855 0.916005 2
-0.033168 0.668143 2
0.122804 0.605488 2
0.161643 0.680343 2
0.273836 0.623090 2
0.225238 0.753963 2
0.002227 0.733658 2
0.260693 0.587067 2
0.195738 0.627069 2
0.177057 0.820862 2
0.028698 0.850055 2
0.052120 0.761469 2
0.147869 0.694716 2
0.189200 0.911779 2
0.291020 0.633309 2
0.218641 0.640691 2
0.143935 0.700130 2
0.176295 0.814167 2
0.118654 0.582085 2
0.085221 0.746988 2
0.124849 0.663397 2
0.087736 0.627056 2
0.248658 0.803688 2
0.154190 0.692892 2
0.265466 0.609688 2
-0.079607 0.743112 2
0.194765 0.770940 2
0.088903 0.730520 2
0.175891 0.507367 2
0.069025 0.552454 2
0.083127 0.649105 2
0.172057 0.668077 2
0.373707 0.617033 2
0.099907 0.781951 2
0.205107 0.436612 2
0.115228 0.789709 2
0.139952 0.705496 2
-0.055855 0.760288 2
-0.017826 0.666258 2
0.230094 0.580759 2
0.036908 0.672703 2
0.254196 0.657568 2
0.214235 0.901194 2
0.248398 0.705503 2
0.149572 0.767444 2
0.333610 0.721708 2
0.174647 0.829606 2
0.624611 -0.621062 2
0.572487 -0.709548 2
0.580076 -0.610636 2
0.438090 -0.674653 2
0.660868 -0.881750 2
0.667496 -0.698614 2
0.446819 -0.883272 2
0.804114 -0.547879 2
0.701453 -0.562974 2
0.747442 -0.744920 2
0.631851 -0.645467 2
0.697142 -0.769740 2
0.456224 -0.920118 2
0.623901 -0.812052 2
0.547250 -0.611453 2
0.531450 -0.846947 2
0.452618 -0.766054 2
0.504949 -0.905812 2
0.473275 -0.981806 2
0.374755 -0.913312 2
0.635540 -0.645601 2
0.565918 -0.658163 2
0.512568 -0.651494 2
0.725019 -0.826058 2
0.795275 -0.789167 2
0.425574 -0.536710 2
0.747362 -0.818750 2
0.572093 -0.714447 2
0.651069 -0.719389 2
0.666344 -0.524088 2
0.558425 -0.762647 2
0.657367 -0.678693 2
0.766603 -0.646474 2
0.647601 -0.585982 2
0.650093 -0.680747 2
0.563634 -0.898531 2
0.568252 -0.789195 2
0.852335 -0.740062 2
0.594650 -0.522740 2
0.613614 -0.747913 2
0.556328 -0.674248 2
0.724692 -0.838684 2
0.498026 -0.654014 2
0.661558 -0.628486 2
0.671310 -0.762434 2
0.492991 -0.706711 2
0.676327 -0.665088 2
0.634064 -0.820175 2
0.554516 -0.796070 2
0.830342 -0.775643 2
0.566329 -0.916119 2
0.572462 -0.906798 2
0.494860 -0.630530 2
0.464513 -0.685031 2
0.530381 -0.684937 2
0.667789 -0.784112 2
0.614762 -0.498124 2
0.516682 -0.794728 2
0.562536 -0.607650 2
0.696356 -0.725495 2
0.667806 -0.587381 2
0.621159 -0.782163 2
0.571367 -0.936610 2
0.531688 -0.734364 2
0.555415 -0.651637 2
0.467912 -0.656544 2
0.623805 -0.837697 2
0.687181 -0.745855 2
0.556238 -0.575851 2
0.686154 -0.620099 2
0.787802 -0.923658 2
0.740000 -0.707944 2
0.620974 -0.632335 2
0.457046 -0.831063 2
0.668719 -0.491709 2
0.577467 -0.653485 2
0.794073 -0.780100 2
0.698478 -0.747025 2
0.621433 -0.733877 2
0.595517 -0.733467 2
0.811022 -0.543279 2
0.517508 -0.780508 2
0.471444 -0.699826 2
0.522944 -0.669903 2
0.522976 -0.822082 2
0.427530 -0.694323 2
0.713053 -0.765957 2
0.608348 -0.686839 2
0.557363 -0.680602 2
0.521776 -0.871122 2
0.579669 -0.837550 2
0.578478 -0.498025 2
0.441631 -0.653700 2
0.570461 -0.697320 2
0.506942 -0.813627 2
0.789771 -0.771880 2
0.501724 -0.612770 2
0.688054 -0.755511 2
0.797229 -0.646688 2
0.495836 -0.737317 2
0.584676 0.868867 3
0.721299 0.227300 3
0.523774 0.859721 3
0.554979 -0.265997 3
0.764605 0.766243 3
0.486982 0.446660 3
0.483929 0.383580 3
0.532016 0.625106 3
0.492737 0.666721 3
0.699049 0.291075 3
0.670461 0.200032 3
0.657899 0.220234 3
0.664810 0.425473 3
0.688151 0.167344 3
0.465420 0.256786 3
0.581358 0.551691 3
0.762236 0.138373 3
0.638685 0.213698 3
0.608920 0.061347 3
0.712068 0.323507 3
0.552281 0.347493 3
0.799676 0.445542 3
0.766131 0.334476 3
0.620255 0.578592 3
0.783152 0.577359 3
0.689721 0.181817 3
0.599923 0.457829 3
0.693033 0.079409 3
0.537302 0.360720 3
0.678025 0.368313 3
0.806351 0.342135 3
0.610143 0.445951 3
0.602448 0.329387 3
0.584147 0.545731 3
0.697671 0.378379 3
0.473988 0.228329 3
0.640088 0.365453 3
0.605895 0.437238 3
0.660691 0.543369 3
0.639150 0.278249 3
0.512851 0.095211 3
0.507900 0.666511 3
0.578199 0.051632 3
0.662940 0.557131 3
0.693990 0.182901 3
0.682854 0.502353 3
0.703465 0.083893 3
0.735402 0.391819 3
0.828230 0.156692 3
0.560463 0.323465 3
0.720213 0.403100 3
0.780537 0.361096 3
0.701378 0.276144 3
0.674974 0.606791 3
0.643573 0.408329 3
0.762214 0.429966 3
0.715824 0.484489 3
0.450800 0.021414 3
0.631808 0.432614 3
0.638497 0.400847 3
0.574501 0.581405 3
0.715423 0.479411 3
0.647805 0.138747 3
0.530957 0.363271 3
0.539838 0.304777 3
0.627156 0.504856 3
0.532589 0.315383 3
0.627066 0.370460 3
0.578524 0.251017 3
0.646265 0.401119 3
0.570187 0.427666 3
0.640585 0.523144 3
0.519865 0.379222 3
0.777082 0.283128 3
0.705283 0.566876 3
0.793345 0.745182 3
0.687508 0.461000 3
0.659794 0.368523 3
0.594484 0.656106 3
0.602798 0.244583 3
0.709164 0.220801 3
0.620893 0.335996 3
0.674893 -0.030150 3
0.622673 0.465505 3
0.786666 0.439996 3
0.624533 0.098661 3
0.535863 0.312997 3
0.413585 0.549954 3
0.703939 0.322377 3
0.601889 0.529544 3
0.690399 0.248406 3
0.417212 0.449588 3
0.347213 0.404509 3
0.678635 0.349139 3
0.504221 0.457741 3
0.673303 0.379718 3
0.453543 0.099728 3
0.592643 0.454196 3
0.674499 0.417722 3
0.497487 0.384286 3
-0.280101 -0.676042 3
-0.153170 -0.592106 3
-0.637305 -0.616615 3
-0.033379 -0.478002 3
-0.201053 -0.505455 3
-0.450710 -0.515341 3
0.070028 -0.492176 3
-0.344289 -0.433588 3
-0.380610 -0.440981 3
-0.284629 -0.488887 3
-0.532803 -0.394787 3
-0.283060 -0.608244 3
-0.020209 -0.547811 3
-0.467608 -0.437369 3
-0.620508 -0.650585 3
-0.622983 -0.632611 3
-0.397497 -0.642740 3
-0.270552 -0.636101 3
-0.620296 -0.578779 3
-0.115310 -0.698961 3
-0.695822 -0.686754 3
0.042708 -0.415904 3
-0.314836 -0.547959 3
-0.931716 -0.560095 3
-0.310255 -0.428096 3
-0.316116 -0.622652 3
-0.245510 -0.766642 3
-0.642041 -0.771070 3
-0.245089 -0.677911 3
-0.572194 -0.390059 3
-0.047009 -0.619593 3
-0.239982 -0.467362 3
-0.300808 -0.688442 3
-0.294779 -0.509834 3
-0.620440 -0.634805 3
-0.585383 -0.614101 3
-0.095564 -0.744669 3
-0.297571 -0.559670 3
-0.152329 -0.588196 3
-0.618290 -0.489547 3
-0.323845 -0.478194 3
-0.341869 -0.752556 3
-0.572409 -0.395523 3
-0.487543 -0.608359 3
-0.275653 -0.563762 3
-0.173769 -0.587427 3
-0.711026 -0.571686 3
-0.148899 -0.630366 3
-0.383140 -0.555790 3
-0.408528 -0.438355 3
-0.252815 -0.547861 3
-0.383445 -0.604810 3
-0.244061 -0.586241 3
-0.381388 -0.412955 3
-0.370654 -0.613251 3
-0.291631 -0.574500 3
-0.292588 -0.461198 3
-0.267711 -0.512003 3
-0.423341 -0.424028 3
-0.442557 -0.744851 3
-0.214666 -0.523371 3
-0.287994 -0.487770 3
-0.177921 -0.585690 3
-0.153423 -0.632281 3
-0.481843 -0.698807 3
-0.574416 -0.585810 3
0.032044 -0.521956 3
-0.360297 -0.497795 3
-0.722165 -0.502533 3
-0.253387 -0.704377 3
-0.281967 -0.510704 3
-0.555791 -0.583480 3
-0.660721 -0.530438 3
-0.291912 -0.597558 3
-0.507306 -0.704642 3
-0.028100 -0.536676 3
-0.387796 -0.342288 3
-0.300721 -0.587278 3
-0.155038 -0.364150 3
-0.422007 -0.708549 3
-0.398891 -0.505023 3
-0.229926 -0.588323 3
-0.748736 -0.486564 3
-0.295884 -0.538140 3
-0.310708 -0.662608 3
-0.079676 -0.620723 3
-0.409590 -0.627295 3
-0.338898 -0.680518 3
-0.383057 -0.467024 3
-0.750600 -0.733072 3
-0.267055 -0.564435 3
-0.431662 -0.614873 3
-0.142642 -0.596983 3
-0.635754 -0.774072 3
-0.307412 -0.536547 3
-0.223836 -0.549051 3
-0.553525 -0.652679 3
-0.394414 -0.553209 3
-0.046974 -0.628623 3
-0.110899 -0.527363 3
0.212677 -0.336873 4
0.098403 -0.333628 4
0.267246 -0.292337 4
0.285447 -0.187464 4
0.148965 -0.314932 4
0.277229 -0.225723 4
0.222407 -0.225898 4
0.294718 -0.292395 4
0.235636 -0.282912 4
0.269244 -0.327375 4
0.300413 -0.474840 4
0.384673 -0.480873 4
0.299974 -0.094253 4
0.216849 -0.222164 4
0.371496 -0.229551 4
0.206287 -0.284333 4
0.362746 -0.370564 4
0.006181 -0.186518 4
0.387153 -0.254161 4
0.216510 -0.385703 4
0.078528 -0.180545 4
0.157962 -0.296617 4
0.211449 -0.270179 4
0.239745 -0.306698 4
0.156664 -0.436886 4
0.303836 -0.238661 4
0.220459 -0.155789 4
0.160718 -0.235275 4
0.243061 -0.158660 4
0.125691 -0.236982 4
0.058429 -0.479498 4
0.311510 -0.317204 4
0.063764 -0.280376 4
0.243150 -0.198137 4
0.315100 -0.174756 4
0.286121 -0.177668 4
0.120905 -0.366064 4
0.148732 -0.200194 4
0.226433 -0.253792 4
0.237426 -0.295805 4
0.206373 -0.274402 4
0.335773 -0.337345 4
0.054034 -0.295404 4
0.061144 -0.316527 4
0.234281 -0.237476 4
0.028015 -0.301669 4
0.320416 -0.240832 4
0.255029 -0.191992 4
0.293263 -0.277955 4
0.288448 -0.398663 4
0.099558 -0.298713 4
0.226133 -0.188580 4
0.155899 -0.305753 4
0.312282 -0.142330 4
0.086540 -0.238711 4
0.172459 -0.345369 4
0.444624 -0.291544 4
0.186328 -0.269478 4
0.259471 -0.220473 4
0.050675 -0.338031 4
0.248360 -0.260152 4
0.092345 -0.152109 4
0.254817 -0.250534 4
0.282669 -0.265086 4
0.279126 -0.356928 4
0.164280 -0.247083 4
0.313911 -0.264973 4
0.200626 -0.354138 4
0.184614 -0.236346 4
0.290733 -0.105748 4
0.391266 -0.305010 4
0.120583 -0.333696 4
0.244273 -0.229089 4
0.147022 -0.225895 4
0.213135 -0.356583 4
0.142146 -0.236626 4
0.045645 -0.387393 4
0.106536 -0.230983 4
0.288429 -0.256556 4
-0.018070 -0.282560 4
0.147305 -0.374675 4
0.191757 -0.310260 4
0.229828 -0.234640 4
0.109071 -0.127476 4
0.301972 -0.192038 4
0.343091 -0.310966 4
0.147936 -0.311708 4
0.204614 -0.328681 4
0.305584 -0.201824 4
0.231642 -0.265280 4
0.183010 -0.183896 4
0.313933 -0.123786 4
0.165986 -0.235328 4
0.231486 -0.189142 4
0.063192 -0.267175 4
0.044518 -0.416129 4
0.149435 -0.292733 4
0.194124 -0.378072 4
0.260869 -0.277765 4
0.324631 -0.224242 4
